VuThiLeThu
B12CNCT007
D12CN8
8.000000
8.000000
7
7.500000
7.500000
8.000000
1.500000
7.000000
0.500000
10.000000
1
3
2
3
5
4.500000
4.500000
10.500000
5.500000
10.500000

HoangTheViet
B12DCDT155
D12DT3
10.500000
10.500000
9
7.000000
5.000000
9.500000
4.000000
5.000000
7.000000
8.000000
4.000000
4.000000
3
5
1
0
2
7.500000
10.000000

NguyenVanA
B12DCDT156
D12CN9
3.000000
0.000000
4
8.500000
0.500000
4.500000
2.500000
2
1
4
1
2
7.500000
1.000000

NguyenVanB
B12DCDT157
D12CN10
9.500000
0.500000
5
8.000000
6.500000
7.000000
2.000000
7.500000
4
5
2
1
4
6.000000
4.000000
6.000000
1.000000

